[LEFT_CAM_2K]
fx=1398.8
fy=1398.8
cx=1076.03
cy=663.879
k1=-0.175627
k2=0.0285635
p1=-0.000686491
p2=-0.000609066
k3=0

[RIGHT_CAM_2K]
fx=1395.87
fy=1395.87
cx=1086.55
cy=659.73
k1=-0.174545
k2=0.0278832
p1=-0.000856841
p2=-0.000436769
k3=0

[LEFT_CAM_FHD]
fx=1398.8
fy=1398.8
cx=932.03
cy=582.879
k1=-0.175627
k2=0.0285635
p1=-0.000686491
p2=-0.000609066
k3=0

[RIGHT_CAM_FHD]
fx=1395.87
fy=1395.87
cx=942.55
cy=578.73
k1=-0.174545
k2=0.0278832
p1=-0.000856841
p2=-0.000436769
k3=0

[LEFT_CAM_HD]
fx=699.4
fy=699.4
cx=624.515
cy=379.9395
k1=-0.175627
k2=0.0285635
p1=-0.000686491
p2=-0.000609066
k3=0

[RIGHT_CAM_HD]
fx=697.935
fy=697.935
cx=629.775
cy=377.865
k1=-0.174545
k2=0.0278832
p1=-0.000856841
p2=-0.000436769
k3=0

[LEFT_CAM_VGA]
fx=349.7
fy=349.7
cx=327.7575
cy=197.46975
k1=-0.175627
k2=0.0285635
p1=-0.000686491
p2=-0.000609066
k3=0

[RIGHT_CAM_VGA]
fx=348.9675
fy=348.9675
cx=330.3875
cy=196.4325
k1=-0.174545
k2=0.0278832
p1=-0.000856841
p2=-0.000436769
k3=0

[STEREO]
Baseline=63.0373
TY=-0.00172121
TZ=0.051559
CV_2K=0.000926502
CV_FHD=0.000926502
CV_HD=0.000926502
CV_VGA=0.000926502
RX_2K=-0.00176905
RX_FHD=-0.00176905
RX_HD=-0.00176905
RX_VGA=-0.00176905
RZ_2K=-0.000914761
RZ_FHD=-0.000914761
RZ_HD=-0.000914761
RZ_VGA=-0.000914761

